set DEMAND :=
          ( 1,15000)
          ( 2,15000)
          ( 3,15000)
          ( 4,15000)
          ( 5,15000)
          ( 6,15000)
          ( 7,30000)
          ( 8,30000)
          ( 9,30000)
          (10,25000)
          (11,25000)
          (12,25000)
          (13,25000)
          (14,25000)
          (15,25000)
          (16,40000)
          (17,40000)
          (18,40000)
          (19,27000)
          (20,27000)
          (21,27000)
          (22,27000)
          (23,27000)
          (24,27000)
          ;

param cost_start :=
          1 20000
          2 10000
          3  5000
          ;

param cost_min :=
          1 10000
          2 26000
          3 30000
          ;

param cost_inc :=
          1 20
          2 13
          3 30
          ;

param power_min :=
          1  850
          2 1250
          3 1500
          ;

param power_max :=
          1 2000
          2 1750
          3 4000
          ;

param gen_max :=
          1 12
          2 10
          3 5
          ;
param demand_threshold := 0.15;
